10 20

Reaction #1:
9
14: 3 40 15 40 24 19 18 36 17 43 43 21 18 8 
9: 35 46 37 33 37 19 22 16 1 
15: 27 11 34 46 14 36 42 11 49 7 26 34 33 23 47 
13: 8 42 12 24 1 38 30 0 10 22 30 32 48 
13: 15 37 28 13 19 41 24 28 7 45 1 24 49 

Reaction #2:
43
15: 6 48 25 48 47 37 8 47 10 29 11 1 46 31 1 
12: 4 14 22 6 15 2 32 28 24 35 13 20 
2: 26 45 
18: 4 37 39 19 8 21 22 39 23 2 16 39 16 32 27 21 42 28 
15: 5 4 3 8 3 21 17 29 18 15 26 15 5 29 25 

Reaction #3:
4
19: 37 18 13 21 15 44 1 44 2 20 38 8 30 38 14 28 3 44 36 
2: 40 40 
12: 33 14 21 23 20 31 18 33 22 11 5 33 
7: 23 34 13 8 33 46 15 
12: 32 34 17 18 30 47 21 27 6 2 41 21 

Reaction #4:
25
10: 20 46 31 11 48 40 10 30 1 40 
1: 34 
5: 41 8 3 18 22 
6: 11 19 33 39 0 8 
13: 26 6 34 37 13 33 49 34 15 23 38 49 27 

Reaction #5:
23
3: 6 31 1 
3: 7 41 28 
12: 5 2 45 36 49 33 0 44 34 7 15 47 
12: 33 12 24 17 5 28 42 18 16 46 45 46 
13: 24 20 39 14 1 16 19 27 5 32 34 30 45 

Reaction #6:
31
13: 34 38 37 41 32 16 16 16 34 21 17 44 16 
9: 48 0 2 15 32 45 18 7 20 
14: 42 15 19 30 48 35 13 27 39 41 33 15 1 16 
14: 27 46 30 5 19 16 49 40 46 32 22 15 0 46 
8: 16 33 2 22 22 3 29 17 

Reaction #7:
27
10: 16 0 48 49 24 40 17 39 26 39 
9: 42 19 42 16 16 0 39 2 42 
14: 2 41 0 18 44 40 15 38 15 17 22 8 45 38 
2: 3 36 
13: 46 1 10 40 37 1 49 16 28 39 1 32 30 

Reaction #8:
5
16: 35 47 38 13 17 46 26 8 21 29 7 18 11 28 26 2 
3: 38 13 40 
1: 1 
17: 49 14 45 42 18 7 21 12 17 39 26 48 35 14 48 3 48 
15: 35 15 40 28 8 40 32 15 42 17 22 0 15 6 11 

Reaction #9:
41
16: 13 29 34 6 47 38 7 29 21 26 47 18 45 38 44 38 
8: 47 16 14 6 21 33 48 38 
12: 42 47 17 7 7 13 45 29 30 44 21 24 
15: 35 8 39 45 26 17 47 42 32 47 15 6 28 26 44 
8: 16 20 11 30 32 48 19 7 

Reaction #10:
10
17: 11 37 6 26 19 34 12 7 7 17 24 12 1 34 13 33 12 
5: 6 47 40 7 35 
4: 6 45 19 45 
15: 16 11 28 18 45 2 0 16 40 26 12 37 45 20 2 
16: 32 21 32 37 18 8 26 3 12 35 24 45 44 24 40 18 



25 2
9 3
31 0
4 0
31 2
9 2
23 4
43 0
41 0
41 1
10 3
5 4
27 4
25 4
31 4
10 3
43 1
41 4
41 2
10 3
