28895.781
21400.711
8646.099
7347.794
6464.151
5842.327
5371.554
4973.339
4644.957
4363.031
4103.973
3887.413
3684.982
3499.600
3325.865
3173.998
3028.722
2896.652
2764.939
2651.386
2541.302
2437.524
2340.023
2247.116
2161.306
2080.713
2002.033
1931.932
1864.596
1799.879
1737.441
1679.748
1624.675
1572.207
1521.264
1474.209
1429.652
1387.546
1346.220
1306.030
1269.732
1233.847
1199.222
1167.498
1135.800
1105.382
1076.783
1048.724
1023.452
997.313
974.038
948.153
926.140
905.099
883.998
864.934
844.925
828.206
810.127
793.923
777.709
761.556
747.072
732.882
719.327
706.204
695.091
683.402
672.153
661.289
651.420
640.132
630.256
621.654
612.232
603.680
594.888
585.650
578.079
570.189
562.990
556.150
549.059
541.463
534.960
528.641
522.795
517.015
510.993
505.451
500.319
495.127
490.255
486.127
481.471
477.628
473.832
469.683
465.393
462.084
458.361
454.165
451.573
447.830
445.656
442.603
439.293
436.412
433.561
430.584
427.740
424.937
422.503
419.608
416.516
414.366
411.910
408.771
406.613
403.283
401.897
398.820
397.293
394.751
392.732
391.134
388.608
386.243
384.947
382.669
381.672
379.583
377.913
376.882
375.801
374.254
373.681
371.437
370.981
369.316
368.811
368.906
367.847
367.411
366.643
365.813
364.937
364.446
363.916
364.279
362.922
362.686
362.567
362.757
362.181
361.325
360.460
360.455
360.455
0
Compound
Reactome:109796
0.442 10.520
4.000 1.000
0.000
1
Compound
Reactome:109789
6.190 -0.411
4.000 1.000
0.000
2
Compound
Reactome:109793
7.914 -3.236
4.000 1.000
0.000
3
Compound
Reactome:180301
-11.178 -0.088
4.000 1.000
0.000
4
Compound
Reactome:109845
5.374 -6.434
4.000 1.000
0.000
5
Compound
Reactome:180348
9.668 -0.134
4.000 1.000
0.000
6
Compound
Reactome:109843
7.156 0.964
4.000 1.000
0.000
7
Compound
Reactome:109788
8.799 1.437
4.000 1.000
0.000
8
Compound
Reactome:179849
-3.262 7.272
4.000 1.000
0.000
9
Compound
Reactome:180286
8.667 -1.522
4.000 1.000
0.000
10
Compound
Reactome:179845
-9.871 0.683
4.000 1.000
0.000
11
Compound
Reactome:109844
7.290 1.434
4.000 1.000
0.000
12
Compound
Reactome:179847
7.798 -0.169
4.000 1.000
0.000
13
Compound
MAP:Cx114
-0.757 9.334
4.000 1.000
0.000
14
Compound
Reactome:179882
-7.737 6.298
4.000 1.000
0.000
15
Compound
Reactome:109838
9.463 -0.068
4.000 1.000
0.000
16
Compound
MAN:C10
0.591 -7.308
4.000 1.000
0.000
17
Compound
Reactome:109787
10.435 1.262
4.000 1.000
0.000
18
Compound
Reactome:180331
-8.412 -6.162
4.000 1.000
0.000
19
Compound
Reactome:109795
10.409 -1.425
4.000 1.000
0.000
20
Compound
Reactome:179791
-7.370 -7.432
4.000 1.000
0.000
21
Compound
Reactome:109794
8.942 1.804
4.000 1.000
0.000
22
Compound
Reactome:112406
7.988 -0.044
4.000 1.000
0.000
23
Compound
Reactome:180337
7.104 -1.770
4.000 1.000
0.000
24
Compound
Reactome:179820
6.886 -7.098
4.000 1.000
0.000
25
Compound
Reactome:109783
8.609 0.159
4.000 1.000
0.000
26
Compound
MAP:Cb17552_CY
-1.489 -9.248
4.000 1.000
0.000
27
Compound
Reactome:29358
-3.385 8.951
4.000 1.000
0.000
28
Compound
MAP:Cs56-65-5_CY
-1.091 9.906
4.000 1.000
0.000
29
Compound
Reactome:179856
-0.769 7.669
4.000 1.000
0.000
30
Compound
MAP:Cb16761_CY
-0.910 -10.008
4.000 1.000
0.000
31
Compound
Reactome:113582
-2.635 -7.882
4.000 1.000
0.000
32
Compound
MAP:Cb15996_CY
-1.142 10.967
4.000 1.000
0.000
33
Compound
Reactome:179838
1.725 -8.503
4.000 1.000
0.000
34
Compound
Reactome:198666
-1.008 -7.654
4.000 1.000
0.000
35
Compound
Reactome:109782
0.511 -2.148
4.000 1.000
0.000
36
Compound
Reactome:198710
-1.898 8.176
4.000 1.000
0.000
37
Compound
Reactome:112398
-1.141 -2.300
4.000 1.000
0.000
38
Compound
Reactome:112340
6.346 0.002
4.000 1.000
0.000
39
Compound
Reactome:163338
5.460 1.102
4.000 1.000
0.000
40
Compound
Reactome:109848
0.127 -8.885
4.000 1.000
0.000
41
Compound
MAP:C3
-0.686 9.277
4.000 1.000
0.000
42
Compound
MAP:UP04049_CY_pho259pho621
-0.277 7.756
4.000 1.000
0.000
43
Compound
MAP:UP36507_CY
0.871 8.949
4.000 1.000
0.000
44
Compound
Reactome:112359
0.449 -0.491
4.000 1.000
0.000
45
Compound
MAP:UP31946_CY
7.157 4.596
4.000 1.000
0.000
46
Compound
Reactome:180276
0.511 -2.148
4.000 1.000
0.000
47
Compound
MAP:UP27361_CY_pho202pho204
8.763 -1.534
4.000 1.000
0.000
48
Compound
Reactome:179863
1.252 7.135
4.000 1.000
0.000
49
Compound
Reactome:179837
0.865 7.415
4.000 1.000
0.000
50
Compound
MAP:UQ02750_CY_pho218pho222
7.088 -4.646
4.000 1.000
0.000
51
Compound
MAP:UQ13480_CY
-0.003 1.199
4.000 1.000
0.000
52
Compound
MAP:UQ07889_CY
1.503 1.934
4.000 1.000
0.000
53
Compound
Reactome:197745
7.030 -1.528
4.000 1.000
0.000
54
Compound
MAP:C2
-2.314 9.773
4.000 1.000
0.000
55
Compound
MAP:UP29353_CY
2.047 8.605
4.000 1.000
0.000
56
Compound
MAP:UQ02750_CY
-1.812 6.501
4.000 1.000
0.000
57
Compound
MAP:UP27361_CY
-0.155 6.108
4.000 1.000
0.000
58
Compound
MAP:UP62993_CY
2.143 -0.637
4.000 1.000
0.000
59
Compound
Reactome:179803
2.143 -0.637
4.000 1.000
0.000
60
Compound
Reactome:109792
2.143 -0.637
4.000 1.000
0.000
61
Compound
Reactome:180344
2.804 0.900
4.000 1.000
0.000
62
Reaction
Reactome:177938
-0.562 0.221
0.500 0.500
0.000
63
Reaction
Reactome:177934
-0.562 0.221
0.500 0.500
0.000
64
Reaction
Reactome:109867
-0.256 0.258
0.500 0.500
0.000
65
Reaction
MAN:R12
-0.562 0.221
0.500 0.500
0.000
66
Reaction
Reactome:109841
-0.562 0.221
0.500 0.500
0.000
67
Reaction
Reactome:177940
-1.213 0.154
0.500 0.500
0.000
68
Reaction
Reactome:109802
-1.213 0.154
0.500 0.500
0.000
69
Reaction
Reactome:109803
-1.213 0.154
0.500 0.500
0.000
70
Reaction
Reactome:177930
-0.875 0.171
0.500 0.500
0.000
71
Reaction
Reactome:177945
-1.031 0.457
0.500 0.500
0.000
72
Reaction
MAN:R1
-0.780 -0.753
0.500 0.500
0.000
73
Reaction
Reactome:109863
-0.780 -0.753
0.500 0.500
0.000
74
Reaction
Reactome:177933
-0.794 -0.114
0.500 0.500
0.000
75
Reaction
MAN:R2
-0.597 -0.406
0.500 0.500
0.000
76
Reaction
Reactome:109804
-0.495 -0.140
0.500 0.500
0.000
77
Reaction
Reactome:109852
-0.754 0.528
0.500 0.500
0.000
78
Reaction
Reactome:177939
-0.918 -0.456
0.500 0.500
0.000
79
Reaction
MAN:R25
-1.247 -0.443
0.500 0.500
0.000
80
Reaction
Reactome:177936
-1.247 -0.443
0.500 0.500
0.000
81
Reaction
MAN:R28
-0.918 -0.456
0.500 0.500
0.000
82
Reaction
Reactome:177922
-1.088 -0.144
0.500 0.500
0.000
83
Reaction
Reactome:109860
-1.088 -0.144
0.500 0.500
0.000
84
Reaction
Reactome:177943
-1.425 -0.209
0.500 0.500
0.000
85
Reaction
Reactome:109865
-1.425 -0.209
0.500 0.500
0.000
86
Reaction
Reactome:177925
-1.425 -0.209
0.500 0.500
0.000
87
Reaction
Reactome:109829
-1.794 -0.280
0.500 0.500
0.000
88
Reaction
Reactome:109857
-1.653 -0.002
0.500 0.500
0.000
89
Reaction
Reactome:177942
-1.653 -0.002
0.500 0.500
0.000
